4767
9809
574
2115
4566
4850
1154
3024
1560
5380
3504
7208
3832
4210
329
8110
6126
8222
1772
6184
8947
8402
8745
3864
1880
4033
8822
8238
2882
7831
7245
7386
8866
2264
4360
1140
9351
5897
7398
2097
4150
2651
8851
8116
8129
6154
5939
3257
906
5969
5640
130
7052
2451
7609
2965
2792
2175
2896
7370
8550
6494
9892
9695
2726
1604
120
6211
1063
9716
5608
9887
7653
7383
6447
452
8189
8895
1842
1652
3418
9719
453
8117
922
7418
6192
3116
6328
5241
3708
7605
829
6601
3811
450
529
7045
2795
9483
4511
4005
1210
3122
2771
3609
7025
2708
2210
8124
5310
6408
8692
7252
1570
6563
5910
1395
8716
3706
7195
5288
8243
2107
4778
5918
4688
3688
2044
9547
8654
9413
8303
8818
7786
9833
2261
2427
6965
9405
9983
6650
8666
2373
5436
133
1971
1554
6910
771
4003
5199
555
6280
735
1248
3107
8081
5021
2765
9431
1514
8504
3113
6965
4067
598
4519
8359
7314
2129
9072
5637
7537
3436
6918
4088
4654
6720
2441
1733
8987
259
5547
705
665
7760
1837
175
6990
9523
2393
6545
8988
3406
1203
5561
9537
2611
5815
2720
1954
4202
4728
2885
9738
6996
3235
7375
5283
9928
7951
6974
7799
2344
9107
2262
8443
5821
8845
8483
3687
3023
3188
747
6350
2888
5167
6807
7395
3022
6656
8843
557
9528
6857
2763
6232
1727
6122
3367
612
4215
4787
6379
1037
1546
8060
3841
8740
1438
9639
7665
5743
864
8703
7209
3515
5653
7202
698
7197
8284
6943
7004
682
449
8887
3879
4655
6659
276
1038
1803
2674
8732
1717
863
7864
6322
4239
3880
3734
705
5988
9146
1805
4977
5720
5630
2799
2578
6619
3403
5632
8713
1691
8562
9142
5171
5154
438
1629
1083
8319
3536
3334
8252
6147
6533
4774
5963
1116
5957
9523
6880
4340
2680
3422
2570
9991
5269
3525
4483
7971
5381
9105
3800
1533
6920
3956
1462
1070
2442
3927
7913
2655
7456
6120
600
10091
5657
6512
6122
2177
5907
899
3079
2730
4813
10004
1105
9466
7134
3350
1385
9285
9921
8077
4002
1730
5299
8252
7894
9409
1090
7445
9906
4064
8121
2321
419
9596
7956
7845
4424
8851
5082
5326
8524
9276
3082
2961
6313
3625
5250
4822
6881
5847
6242
8277
3748
8988
2877
1740
4460
1501
9003
4331
4265
691
1447
6547
847
7211
1525
6347
896
2479
9321
8219
3473
1706
5977
3717
9567
8794
2663
731
2049
5809
3502
5319
5267
8949
3796
4316
8989
4967
4136
9138
7047
6867
5658
1198
7119
5351
1591
7176
4382
2988
5520
8040
8448
1346
7326
9115
9932
7447
3636
9825
306
4815
812
724
6248
6123
4978
2402
7628
8964
5411
5474
6456
3662
4732
3421
2671
2168
1772
349
1459
10077
710
3879
5962
9616
3179
9316
8697
10015
8349
5018
4759
3118
9740
447
10010
6318
6452
7782
7816
1925
852
5152
8631
1947
4349
4577
7744
9919
7839
514
7853
6898
3624
5548
4752
7028
1193
8198
6422
9196
10093
4107
8058
5199
9323
5902
8167
1576
4174
8940
3766
1810
8221
9841
5936
7945
336
2203
487
5839
3974
9233
2358
6238
8771
6163
6502
4673
2520
6259
2477
6756
4969
2986
4752
1885
3579
7487
5793
7600
5350
4898
4442
8844
8154
5217
7757
1293
9617
4473
560
5504
1530
9747
3248
9200
3008
7239
5075
8223
6185
6016
7084
2838
4086
1351
6138
4971
1512
610
9092
3686
6256
1556
4039
766
9790
7613
3786
5593
3660
7165
5237
8704
294
4262
7193
6383
4614
6268
8241
4417
5977
9904
5855
7769
8256
923
7620
4334
9626
4216
5557
5159
2566
527
4957
568
8911
3169
9818
1473
4422
3118
8014
7812
2239
3716
680
1568
4860
6818
1904
10064
9832
680
6837
6368
5194
6154
8558
7559
6935
1807
6643
8299
2167
476
3287
6744
8578
9481
6036
2142
2799
4200
9706
8652
7793
10060
3922
7895
2083
1112
6832
3528
1714
4320
10051
4749
9212
7443
4625
2053
2467
4974
2929
7778
487
958
6783
6031
2259
9755
7808
1448
9569
5769
2056
3871
4591
1029
7280
6548
8255
5121
7886
8729
6008
5420
9532
9630
3421
6848
2658
9667
5282
9417
1786
6586
8314
8755
5343
8655
9470
9455
8974
4432
8847
3636
3833
8801
8742
7422
176
7933
8061
6149
5747
1636
4395
5099
7873
141
4422
6297
8013
3812
6974
3476
7542
8468
2120
6718
3989
6073
3908
5452
7639
387
4024
3527
9441
9839
8582
2873
2510
5366
465
2923
1145
9257
5244
1395
3264
2127
9509
8304
4416
9082
6686
9150
4146
2852
6882
5097
8342
1221
4085
7679
4461
8413
6219
3047
10021
5305
936
6129
8575
1245
2788
8182
1589
1137
5495
2171
9031
4957
6363
9183
6321
3370
8620
5627
339
2283
1405
5387
2602
1252
6462
3276
3448
5476
5225
6142
7051
8818
9883
5825
3473
5743
7276
3758
591
3353
5040
509
5683
831
5250
4755
3760
2488
2042
5307
7315
2352
6144
6660
10030
2787
1087
3243
5243
6960
2956
10065
8454
5166
8006
7758
2034
7980
173
8174
9402
5004
3613
2615
5446
6586
3719
8565
9697
7288
3794
2330
8891
4130
3527
4407
5921
9654
9726
1593
2916
9729
9395
4834
7200
8669
160
4666
227
9710
3296
6723
1233
7209
174
8218
9309
8001
3800
2597
9882
3279
3309
3598
4171
9098
776
1874
3086
3135
6500
6997
260
7683
1040
5197
2408
4053
9728
8498
9081
1499
8103
4062
7988
4598
4789
3471
6563
6606
1696
481
5205
2746
110
2303
2710
6582
5231
3899
9829
4709
1020
6938
2575
9809
1853
5097
2952
9818
7382
5195
1097
1413
2269
9296
9491
9309
3020
6349
6843
8989
9989
3210
6549
9370
3832
3951
2185
3679
2169
3252
425
1296
4019
4360
9964
743
6707
4631
3562
4107
2342
1960
9167
6192
8757
3568
5214
7482
2808
4553
4667
8599
2329
7354
2143
5349
6721
4889
8557
7693
5130
9471
8102
3002
5492
6819
3122
3828
7330
9516
3429
3076
6136
7037
7988
4935
7390
147
8509
8249
3857
5907
6479
10057
636
5768
7417
1013
8650
3328
8738
1065
8739
200
516
3361
5325
8134
1628
6664
759
3053
7310
1759
8860
1987
7979
5284
8922
7014
3331
5234
9519
1261
191
5961
4797
809
7353
6946
4629
2870
5758
8807
4024
5031
7729
2084
6431
2536
4735
9171
278
583
9129
7444
7937
6461
1697
2102
1613
1951
3470
543
1182
9891
7219
6191
4860
10049
1342
8604
4811
8533
6429
8428
6243
1835
2692
296
391
1318
4661
4143
8876
6457
8079
5538
9378
5475
2753
8654
300
130
4280
1258
5148
7396
7031
9717
5736
4484
535
3437
7004
5277
1515
2372
5205
5605
4217
8287
5579
1989
2380
303
5184
3499
7231
7934
1542
9187
7226
295
7968
4200
6905
8437
2023
6105
4183
8907
4393
9251
7696
502
1680
9028
8393
2947
8090
9791
2463
5752
7804
9920
5915
7863
1930
4962
4632
3887
1393
5175
7584
643
9824
6872
5009
8599
8603
7969
7859
6331
9554
6840
9557
2589
9488
205
6221
9755
4776
142
6908
4536
3441
2496
1127
6580
6881
8999
6914
3375
3262
3204
9094
268
9869
6014
4006
7725
2253
9970
3920
4069
3893
2803
1672
835
1257
9744
3606
9626
5654
1037
6831
3879
5069
5768
5006
6309
6295
5618
5391
2974
109
2512
8743
7868
9970
2230
2784
7751
7796
2016
9434
5518
8736
3975
5770
1846
513
7624
8768
9049
1958
4330
4290
8159
9602
3600
1463
10065
865
6154
4668
4225
7278
1578
6650
3955
1431
8956
7939
5558
6898
7340
9726
9699
1254
9178
9606
7316
8485
3893
2206
9104
8584
685
9599
7139
8927
9323
9619
9576
4164
5223
3741
4505
8757
399
9985
7035
9068
5043
501
4474
9950
5407
7914
8062
4164
2439
9319
6145
1615
2193
1865
2891
9409
3411
9309
8704
3036
9883
4600
3340
3601
5190
9604
391
5945
5266
9385
2287
7779
9845
5160
8258
455
7308
6952
3793
7923
8703
4282
9058
1567
5784
800
5467
5119
4806
6684
4115
5664
2493
825
7184
3856
3133
3348
3535
8901
6041
7865
2750
1617
810
1998
7605
1911
3664
4171
3621
5427
2043
4457
5725
7739
6072
7344
6271
3529
4989
4682
5746
2421
3782
7795
7317
2840
299
8768
9032
114
5930
2243
3000
5362
3565
719
9129
7200
5025
8319
2127
9208
6376
249
4381
2273
3631
7776
4062
2402
3241
1431
7330
1428
1444
8389
5890
131
4077
3467
6284
754
3758
7048
5334
8595
4504
7372
6869
465
4770
9101
8545
1131
8673
4856
3941
7560
1732
1480
4345
4778
1843
8210
6705
6450
8395
9653
9050
7931
2450
2456
2378
9439
8747
940
8451
2266
5879
3583
6272
1503
4509
9225
6075
4593
4675
9130
8626
6257
2367
8619
9309
6789
2413
9926
1054
2534
9413
6089
7500
4504
968
4260
7946
3488
7789
5623
8634
7773
3384
8283
695
2645
1982
8938
3686
9216
7102
8920
5077
3790
4772
296
251
7986
4744
8091
4653
4141
299
5449
9551
132
2203
9522
5540
2689
5223
7266
3429
8526
6245
1939
394
8141
1458
3068
422
8049
6371
4937
1973
3368
6457
1222
2513
4162
8142
6306
9116
5784
9520
7023
6683
5555
7716
2103
501
5551
5110
414
7833
4028
9807
3276
4023
6047
6641
566
2210
7264
3803
5098
2155
3492
6727
4881
2914
2669
5263
8231
6133
5157
2362
2434
1598
2923
2519
2692
4324
8067
6007
4407
2968
6438
623
8513
2624
2608
6064
6547
1170
8351
7342
9384
7244
7963
2712
1198
9678
244
8452
8073
2722
8776
7581
8925
8781
9242
2039
4903
532
4974
8244
2294
7268
9652
4040
3087
6123
9143
991
6831
7413
2816
9763
7195
4755
8393
7885
6701
4867
3334
8583
3556
8965
110
6553
5151
7552
2320
1577
3881
3041
3512
3699
2252
158
870
4290
5881
2325
1429
5821
4983
3357
9382
9385
7197
7723
9217
3097
7193
9316
910
6392
1407
8262
218
4922
9472
7624
9216
8277
7406
7033
9686
8073
1498
8238
4671
7074
5956
8403
1589
985
1856
529
3681
3290
9686
6819
5197
10095
2910
10059
9799
6317
5328
10063
880
6754
744
7164
7186
5583
9497
2321
7022
5667
2708
3960
9580
4654
1778
4902
2473
8346
7627
8869
453
3027
1429
4968
1438
7550
6197
264
2499
2839
6478
5125
236
1186
1606
3342
7130
206
6514
9224
7830
6653
2932
6817
7149
3436
2945
2223
4545
9101
6348
8544
8248
2833
3028
4470
5895
9583
1664
1666
7503
9315
6452
3246
921
1577
4275
5394
9542
1584
5762
6927
6960
6857
5011
7018
3522
4064
4416
9622
5265
4182
2974
4248
6614
339
8769
6618
4382
6788
8860
9494
2126
9318
2758
3513
695
7154
8836
175
2953
3846
6594
4362
8067
10025
1492
1671
3510
4001
3242
6705
979
7153
2917
2012
5803
9789
8974
3819
8082
9761
7434
9908
7818
477
6794
7048
5581
7171
4032
218
4883
278
4017
3565
2367
2606
1041
3468
7162
2623
7792
7420
1298
9616
4075
8510
8963
7748
4859
4211
3558
5123
4801
9926
7997
811
4333
2249
5502
7551
558
4289
5284
279
4793
5555
9898
1025
7367
1864
8841
8804
9481
6552
5986
9105
1384
2863
6837
1319
5883
8783
5263
4044
6314
9858
8361
7570
8491
2535
2410
10040
6846
444
2489
8831
6043
8697
3279
1456
630
6757
8791
1004
7002
8716
4345
9491
3850
951
4961
8850
9603
994
547
3274
7923
8239
9719
8570
5217
6593
925
3859
7364
1587
1660
8456
6349
9574
3970
2102
1362
4673
7213
9855
3051
9853
7097
3881
4096
2215
3361
3156
4032
8894
7172
8660
1343
9256
3307
6034
1263
1117
1471
9851
3400
3523
5736
3685
9363
6355
1032
7965
6879
7447
835
3255
3556
1223
774
10018
401
8967
8747
7222
2483
9738
3314
1180
1722
2686
8615
2929
4665
6055
5905
7134
6356
5519
8876
8014
9904
4665
2390
8126
202
3404
1987
3948
9408
5900
4594
8181
1238
8192
9216
2422
932
7111
10080
5461
7806
6321
3703
1802
7725
2355
5657
2249
3541
3359
2411
3373
2565
5952
8584
5518
1469
1038
169
9619
686
7764
9857
1586
2321
5861
1446
9232
7866
545
6515
811
4604
906
8032
6118
2483
2205
2364
812
6458
4901
3289
2086
2816
8359
9039
9202
1851
5198
6129
5476
3389
2999
1820
9289
6143
3731
391
440
6639
7636
7111
4738
8555
7564
7779
4103
8702
1780
1002
1666
1597
8129
5023
1333
607
10093
818
9143
9971
5769
8430
9343
8662
4083
4087
1580
4014
8658
1483
6860
323
8667
1818
8981
5195
7734
3661
5075
4342
6486
5522
3527
3727
1719
1137
114
6473
5292
9884
3483
819
8850
2525
9243
4524
6284
5492
7891
607
4398
5327
5544
9064
3723
8552
8033
9319
5598
1259
8286
8541
8702
6989
4140
1685
8088
1115
8715
134
2394
4861
8321
7164
441
2329
3491
102
6654
9485
7189
998
5916
4897
498
9935
2315
8207
163
7652
3017
3840
4257
7091
8028
4209
1922
6668
8951
8848
663
1603
5009
3290
9982
3477
2618
4289
3276
2350
5525
6016
882
204
6196
5236
5892
9289
5493
2164
949
4014
6956
7677
8621
421
4025
6870
121
3026
3383
3579
7199
4786
5286
393
9799
2341
2221
3962
7755
5286
500
5919
8218
5226
5541
5652
1773
7612
471
2301
9297
6981
9424
9874
8454
4069
1461
1174
3459
1546
8369
3353
4231
3588
9782
331
1383
3371
2033
5079
1638
1718
2948
7796
4183
9591
3385
4413
2280
6878
7743
3501
5969
10058
9898
8687
1120
1667
8056
7973
7288
5255
1868
964
1805
516
7833
9963
404
4627
4461
1125
5273
7470
7000
7408
9904
391
2596
5950
6355
401
703
8663
4606
4342
260
6346
5602
416
4724
3403
9235
7697
8362
2400
6062
7779
2420
5106
6858
6532
7719
9406
7239
8114
1041
9550
5550
7828
6286
546
956
5189
7763
6214
5259
3686
2226
4378
6346
9064
8319
2018
3358
3737
6917
7794
3706
897
3543
9297
9852
8287
4507
7625
9432
8196
1704
2443
5728
7247
7116
6543
6770
6799
6975
114
408
2368
7278
1427
9593
8388
6879
2426
6791
2841
1739
4866
8961
4803
4083
5049
4873
6789
3197
2951
4652
2965
368
4618
7389
3686
9101
5030
6427
6688
3146
2371
3489
5255
9096
3581
2224
4168
7370
5424
8901
4877
5231
4876
3040
2441
8179
7613
3566
8044
1511
3594
6691
2603
2146
4296
225
8912
1919
7047
5211
2067
7461
8044
9925
473
8491
7190
3091
2668
5928
4633
2930
8396
3549
1068
6104
5879
2093
1240
6007
1085
2704
2874
2922
8952
7384
1279
9568
963
7719
3278
4276
8258
9600
2763
642
4565
832
4189
6859
8616
606
9629
152
1433
4657
9616
1725
9904
7576
7936
5482
4386
4246
5798
9386
4744
5653
1330
1796
6189
422
6252
6354
3543
2358
2726
8101
167
5984
9922
342
5679
6618
1585
6521
4789
8889
3076
3851
8131
7746
8724
5759
4781
9003
8127
8380
5327
2245
3061
2227
3793
7533
5036
3974
6518
8763
7222
4824
6166
735
3463
1342
9444
4080
1398
1823
7829
1998
6328
6266
1603
5448
7404
866
8879
8918
7953
8545
2896
7163
7316
5525
2873
4447
2437
169
5951
1696
3628
4412
369
3729
438
9986
2897
8258
329
1321
6768
718
5028
4558
9898
4129
6814
7365
6979
1194
9768
7454
3221
6621
9056
8595
1960
1252
4694
1692
3129
6011
4931
5081
4671
2898
8349
2565
4397
2310
3135
9914
5466
822
6550
575
4729
1204
7587
9126
9485
6975
1038
6701
4873
7033
1742
5988
1065
2041
3680
4729
6717
3153
9726
5678
2717
5394
4393
7871
8161
2532
3706
8781
8717
7671
3439
9392
6050
3926
9413
4606
5827
2529
1273
9485
957
1510
4226
7798
6212
6712
1598
3112
109
8277
4736
4211
10072
10020
5788
6036
7238
6097
3197
4531
8038
9280
9353
8775
658
7758
4797
6623
5869
2925
3603
704
3337
8853
128
10066
6485
5281
8175
9030
1281
9867
9814
8874
6882
2160
2593
9867
8990
1308
667
859
9965
1868
7515
1140
3296
7236
5319
4627
3834
8222
8847
9536
9365
5048
9726
7675
3568
4687
364
6242
5146
1857
5459
1572
3047
1214
3029
8688
3067
333
6208
2691
6840
7917
1657
8020
261
9345
397
9483
4712
2145
2086
4533
1112
7259
4337
9758
3785
8094
4538
5794
8407
8247
2820
3946
5881
528
1307
4675
1890
4455
6585
2836
103
